[Parameter containing:
tensor([[ 0.0175,  0.0235, -0.0792,  ...,  0.0436, -0.0217,  0.0902],
        [-0.0832, -0.0811,  0.0355,  ...,  0.0503, -0.0944,  0.0880],
        [-0.0411,  0.0788, -0.0295,  ..., -0.0827,  0.0518, -0.0714],
        ...,
        [ 0.1552,  0.5355,  0.1415,  ...,  0.1375,  0.4129,  0.4902],
        [ 0.0383,  0.0599,  0.0346,  ...,  0.0151,  0.0776,  0.0668],
        [ 0.2241,  0.4926,  0.1569,  ...,  0.0566,  0.4128,  0.3836]],
       requires_grad=True), Parameter containing:
tensor([ 0.0230, -0.0775,  0.0419,  0.4601,  0.4846, -0.0123,  0.3601,  0.3402,
         0.4253,  0.4111,  0.5057,  0.4092,  0.4540,  0.3995,  0.5084, -0.0495,
         0.5013,  0.3576,  0.4639,  0.5303,  0.3610,  0.3507,  0.4688,  0.3465,
         0.3605,  0.4946,  0.5314,  0.3612,  0.4277,  0.4496,  0.3650,  0.3852,
        -0.0323,  0.5214,  0.4127,  0.5061,  0.4115,  0.3978,  0.3939,  0.4942,
         0.4177, -0.0051,  0.4561,  0.4197, -0.0824,  0.0130, -0.0433,  0.4875,
         0.0923,  0.3799,  0.3583,  0.0428,  0.4509, -0.0622,  0.5023,  0.3481,
         0.3811,  0.4676,  0.3629,  0.4946,  0.3704,  0.4750,  0.4025,  0.3351,
        -0.0135,  0.3802,  0.3534,  0.4338, -0.0826,  0.4801,  0.0181,  0.4440,
         0.4487, -0.0070,  0.3985,  0.4886,  0.3397,  0.0389,  0.3911,  0.4239,
         0.0662,  0.3659,  0.3533,  0.4123, -0.0219,  0.4516,  0.0331,  0.4043,
         0.4619, -0.0323,  0.0347,  0.3406,  0.3777,  0.3531,  0.3922,  0.4302,
         0.3510,  0.4190, -0.0605,  0.4885,  0.3834,  0.3427,  0.5196,  0.3982,
         0.0917, -0.0143, -0.0721,  0.4360,  0.4608,  0.3598, -0.0563,  0.4827,
         0.4936,  0.4490, -0.0889,  0.3701,  0.4268,  0.4128,  0.0245,  0.4489,
         0.4597,  0.4100, -0.0789,  0.0815,  0.3810,  0.4601,  0.0928,  0.4075],
       requires_grad=True), Parameter containing:
tensor([[ 0.0390, -0.0052,  0.0420,  ..., -0.0902,  0.0598,  0.0041],
        [ 0.0833, -0.0234, -0.0700,  ...,  0.1532,  0.0328,  0.1532],
        [ 0.0834, -0.0581, -0.0007,  ...,  0.0947, -0.0243,  0.1444],
        ...,
        [-0.0432,  0.0858, -0.0876,  ...,  0.1162, -0.0636,  0.1334],
        [ 0.0081, -0.0068, -0.0166,  ...,  0.0882,  0.0332,  0.1551],
        [-0.0866, -0.0392,  0.0537,  ...,  0.1458, -0.0125,  0.1798]],
       requires_grad=True), Parameter containing:
tensor([-5.8427e-02,  4.2220e-01,  3.5514e-01,  3.3348e-01, -1.8456e-02,
        -5.5372e-02,  4.3327e-01,  4.0771e-01, -1.0887e-03,  3.1413e-01,
         3.4440e-01,  3.9926e-01,  8.1820e-03, -3.0551e-02,  3.1281e-01,
         7.4070e-02,  7.9298e-02,  4.5582e-01,  4.0978e-01,  7.7095e-02,
        -3.3585e-02, -2.5715e-02,  3.4455e-01, -6.2056e-02,  4.0825e-01,
        -7.6774e-02,  3.8155e-01, -8.4974e-03,  3.9426e-01,  3.1544e-01,
         6.9694e-02,  3.4061e-01, -2.2309e-02, -4.5178e-03, -7.5605e-02,
         2.8779e-03,  2.5028e-02,  3.7193e-01,  2.9883e-02, -7.8785e-02,
         4.3612e-02,  4.0828e-01, -2.4995e-03,  3.0368e-01,  4.1514e-02,
        -7.8754e-03,  2.6939e-01,  3.2800e-01,  3.2346e-02,  3.3760e-01,
        -3.9687e-04,  2.9527e-01, -8.0461e-02,  4.5641e-02,  3.7537e-02,
        -3.9230e-03,  2.9183e-01,  3.9896e-01,  4.6479e-02,  3.1307e-01,
         3.8687e-01,  4.3447e-02,  1.5949e-02,  1.6477e-01,  4.3712e-02,
         4.2522e-01,  3.8731e-01,  3.9643e-01, -2.2742e-03,  4.5598e-01,
         2.9804e-01,  4.2450e-02,  2.7232e-01, -4.5803e-02, -8.1105e-02,
        -7.7318e-02,  3.3449e-01,  2.8511e-01,  3.8509e-01,  1.0468e-02,
         3.9021e-01,  3.7247e-01,  3.3631e-01,  1.7154e-01, -2.6281e-02,
         3.5180e-01,  2.7528e-01,  3.7179e-01,  4.2471e-01, -2.0134e-02,
         3.9513e-01,  3.6420e-01, -7.8519e-02,  4.9136e-02,  3.5938e-01,
         7.8555e-02,  3.9207e-01,  3.1097e-01,  4.2168e-02,  3.6715e-01,
         3.1081e-01,  3.5787e-01,  4.3743e-01,  2.3215e-02,  3.4547e-01,
         4.2218e-02,  3.1946e-01,  3.3470e-01,  3.6608e-01,  4.3022e-01,
         3.1948e-01, -3.6384e-02,  3.7020e-01,  4.2382e-01, -4.8078e-02,
         8.7528e-02,  3.3342e-01,  3.6743e-02, -6.2581e-02,  3.4424e-01,
         4.5090e-01,  2.8261e-01,  3.9519e-01,  2.7631e-01, -6.4866e-02,
         3.7175e-01,  2.9007e-01,  4.1839e-01], requires_grad=True), Parameter containing:
tensor([[-0.0642, -0.1334, -0.1347,  ..., -0.1419, -0.0965, -0.1639],
        [ 0.0595, -0.1980, -0.1559,  ..., -0.1840, -0.1740, -0.1277],
        [-0.0760, -0.1337, -0.0439,  ..., -0.0830, -0.0841, -0.1150],
        ...,
        [-0.0041, -0.0676, -0.0754,  ..., -0.1662, -0.0616, -0.0744],
        [-0.0758, -0.2040, -0.1795,  ..., -0.0690, -0.1656, -0.1582],
        [ 0.0556, -0.0808, -0.0797,  ..., -0.0603, -0.1915, -0.1901]],
       requires_grad=True), Parameter containing:
tensor([-0.2096, -0.2539, -0.1004, -0.1055, -0.2878, -0.1781, -0.2104, -0.0855,
        -0.2285, -0.0627], requires_grad=True)]